9
    0.00    1.00    2.00    3.00    4.00    5.00    6.00    7.00    8.00
    1.00    2.00    4.00    6.00    8.00   10.00   12.00   14.00   16.00
    2.00    4.00    8.00   12.00   16.00   20.00   24.00   28.00   32.00
    3.00    6.00   12.00   18.00   24.00   30.00   36.00   42.00   48.00
    4.00    8.00   16.00   24.00   32.00   40.00   48.00   56.00   64.00
    5.00   10.00   20.00   30.00   40.00   50.00   60.00   70.00   80.00
    6.00   12.00   24.00   36.00   48.00   60.00   72.00   84.00   96.00
    7.00   14.00   28.00   42.00   56.00   70.00   84.00   98.00  112.00
    8.00   16.00   32.00   48.00   64.00   80.00   96.00  112.00  128.00
